created_date,author,file
2007-11-30T08:45:59Z,2,FOMFactory.java
2007-12-01T00:11:40Z,2,CharUtils.java
2007-12-01T00:11:40Z,2,Escaping.java
2007-12-01T00:11:40Z,2,HashMapContext.java
2007-12-01T00:11:40Z,2,Operation.java
2007-12-01T00:11:40Z,2,Template.java
2007-12-01T00:11:40Z,2,Normalizer.java
2007-12-01T00:11:40Z,2,TestTemplate.java
2007-12-01T15:58:37Z,2,Element.java
2007-12-01T15:58:37Z,2,ElementWrapper.java
2007-12-01T15:58:37Z,2,CoreTest.java
2007-12-01T15:58:37Z,2,FOMElement.java
2007-12-01T20:22:50Z,2,Template.java
2007-12-01T21:19:07Z,2,Template.java
2007-12-02T17:47:44Z,2,Template.java
2007-12-02T20:33:23Z,2,Evaluator.java
2007-12-02T20:33:23Z,2,Operation.java
2007-12-02T20:33:23Z,2,Template.java
2007-12-03T12:58:51Z,2,PrettyWriter.java
2007-12-03T13:45:00Z,2,Error.java
2007-12-03T13:45:00Z,2,HttpResponse.java
2007-12-03T13:45:00Z,2,AbstractProvider.java
2007-12-03T13:45:00Z,2,AbstractServiceContext.java
2007-12-03T13:45:00Z,2,AbstractWorkspaceProvider.java
2007-12-03T13:45:00Z,2,DefaultRequestHandler.java
2007-12-03T13:45:00Z,2,DefaultServiceContext.java
2007-12-03T13:45:00Z,2,EmptyResponseContext.java
2007-12-03T13:45:00Z,2,ProviderSupport.java
2007-12-03T13:45:00Z,2,RegexTargetResolver.java
2007-12-03T13:45:00Z,2,SimpleResponseContext.java
2007-12-03T13:45:00Z,2,StreamWriterResponseContext.java
2007-12-04T15:23:42Z,2,Generator.java
2007-12-04T15:23:42Z,2,IRIElement.java
2007-12-04T15:23:42Z,2,Link.java
2007-12-04T15:23:42Z,2,Person.java
2007-12-04T15:23:42Z,2,PersonWrapper.java
2007-12-04T15:23:42Z,2,ProcessingInstruction.java
2007-12-04T15:23:42Z,2,Service.java
2007-12-04T15:23:42Z,2,Source.java
2007-12-04T15:23:42Z,2,Text.java
2007-12-04T15:23:42Z,2,Workspace.java
2007-12-04T15:23:42Z,2,Parser.java
2007-12-04T15:23:42Z,2,ParserOptions.java
2007-12-04T15:23:42Z,2,AbderaConfiguration.java
2007-12-04T15:23:42Z,2,AbstractExtensionFactory.java
2007-12-04T15:23:42Z,2,AbstractParser.java
2007-12-04T15:23:42Z,2,AbstractParserOptions.java
2007-12-04T15:23:42Z,2,AbstractWriter.java
2007-12-04T15:23:42Z,2,AbstractWriterOptions.java
2007-12-04T15:23:42Z,2,AbstractListParseFilter.java
2007-12-04T15:23:42Z,2,AbstractParseFilter.java
2007-12-04T15:23:42Z,2,Writer.java
2007-12-04T15:23:42Z,2,WriterOptions.java
2007-12-04T15:23:42Z,2,CoreTest.java
2007-12-04T15:23:42Z,2,Query.java
2007-12-04T15:23:42Z,2,FOMAttribute.java
2007-12-04T15:23:42Z,2,FOMCategories.java
2007-12-04T15:23:42Z,2,FOMCategory.java
2007-12-04T15:23:42Z,2,FOMCollection.java
2007-12-04T15:23:42Z,2,FOMComment.java
2007-12-04T15:23:42Z,2,FOMContent.java
2007-12-04T15:23:42Z,2,FOMControl.java
2007-12-04T15:23:42Z,2,FOMDateTime.java
2007-12-04T15:23:42Z,2,FOMDiv.java
2007-12-04T15:23:42Z,2,FOMDocument.java
2007-12-04T15:23:42Z,2,FOMElement.java
2007-12-04T15:23:42Z,2,FOMEntry.java
2007-12-04T15:23:42Z,2,FOMExtensibleElement.java
2007-12-04T15:23:42Z,2,FOMFactory.java
2007-12-04T15:23:42Z,2,FOMFeed.java
2007-12-04T15:23:42Z,2,FOMGenerator.java
2007-12-04T15:23:42Z,2,FOMIRI.java
2007-12-04T15:23:42Z,2,FOMLink.java
2007-12-04T15:23:42Z,2,FOMPerson.java
2007-12-04T15:23:42Z,2,FOMProcessingInstruction.java
2007-12-04T15:23:42Z,2,FOMService.java
2007-12-04T15:23:42Z,2,FOMSource.java
2007-12-04T15:23:42Z,2,FOMText.java
2007-12-04T15:23:42Z,2,FOMWorkspace.java
2007-12-04T15:23:42Z,2,Error.java
2007-12-04T15:23:42Z,2,AbstractRequest.java
2007-12-04T15:23:42Z,2,AbstractResponse.java
2007-12-04T15:23:42Z,2,EncryptionOptions.java
2007-12-04T15:23:42Z,2,SecurityOptions.java
2007-12-04T15:23:42Z,2,SignatureOptions.java
2007-12-04T15:23:42Z,2,DHContext.java
2007-12-04T15:23:42Z,2,XmlEncryptionOptions.java
2007-12-04T15:23:42Z,2,XmlSecurityOptions.java
2007-12-04T15:23:42Z,2,XmlSignatureOptions.java
2007-12-04T15:23:42Z,2,AbderaClient.java
2007-12-04T15:23:42Z,2,RequestOptions.java
2007-12-04T15:23:42Z,2,RssCategory.java
2007-12-04T15:23:42Z,2,RssChannel.java
2007-12-04T15:23:42Z,2,RssContent.java
2007-12-04T15:23:42Z,2,RssDateTime.java
2007-12-04T15:23:42Z,2,RssEnclosure.java
2007-12-04T15:23:42Z,2,RssFeed.java
2007-12-04T15:23:42Z,2,RssGenerator.java
2007-12-04T15:23:42Z,2,RssGuid.java
2007-12-04T15:23:42Z,2,RssImage.java
2007-12-04T15:23:42Z,2,RssItem.java
2007-12-04T15:23:42Z,2,RssLink.java
2007-12-04T15:23:42Z,2,RssPerson.java
2007-12-04T15:23:42Z,2,RssSource.java
2007-12-04T15:23:42Z,2,RssText.java
2007-12-04T15:23:42Z,2,RssUriElement.java
2007-12-04T15:23:42Z,2,ExtensionFactoryMap.java
2007-12-04T15:23:42Z,2,Factory.java
2007-12-04T15:23:42Z,2,ListParseFilter.java
2007-12-04T15:23:42Z,2,ParseFilter.java
2007-12-04T15:23:42Z,2,AtomDate.java
2007-12-04T15:23:42Z,2,Attribute.java
2007-12-04T15:23:42Z,2,Base.java
2007-12-04T15:23:42Z,2,Categories.java
2007-12-04T15:23:42Z,2,Category.java
2007-12-04T15:23:42Z,2,Collection.java
2007-12-04T15:23:42Z,2,Comment.java
2007-12-04T15:23:42Z,2,Content.java
2007-12-04T15:23:42Z,2,Control.java
2007-12-04T15:23:42Z,2,DateTime.java
2007-12-04T15:23:42Z,2,DateTimeWrapper.java
2007-12-04T15:23:42Z,2,Div.java
2007-12-06T16:26:39Z,2,History.java
2007-11-28T08:58:27Z,2,TestTemplate.java
2007-11-28T13:13:33Z,7,AbstractCollectionProvider.java
2007-11-28T13:13:33Z,7,AbstractWorkspaceProvider.java
2007-11-28T13:43:10Z,2,StreamBuilder.java
2007-11-28T13:43:10Z,2,AbderaConfiguration.java
2007-11-28T13:43:10Z,2,StreamBuilderExample.java
2007-11-28T13:43:10Z,2,FOMFactory.java
2007-11-28T14:28:07Z,2,EntityProviderRequestEntity.java
2007-11-28T14:28:32Z,2,AbderaClient.java
2007-11-28T15:07:35Z,2,AbderaClient.java
2007-11-28T15:07:35Z,2,EntityProvider.java
2007-11-28T15:07:35Z,2,RequestOptions.java
2007-11-28T15:38:56Z,2,AbderaClient.java
2007-11-29T08:45:33Z,7,JcrCollectionProvider.java
2007-11-29T08:45:33Z,7,JcrCollectionProviderTest.java
2007-12-03T13:45:00Z,2,AbderaFilter.java
2007-12-03T13:45:00Z,2,AbderaServlet.java
2007-12-03T13:45:00Z,2,HttpResponseServletAdapter.java
2007-12-03T14:17:22Z,2,AbstractServiceContext.java
2007-12-03T14:17:22Z,2,DefaultServiceContext.java
2007-12-03T14:50:53Z,2,ResponseContext.java
2007-12-03T14:50:53Z,2,AbstractResponseContext.java
2007-12-03T14:50:53Z,2,SimpleResponseContext.java
2007-12-03T15:06:21Z,2,AbderaClient.java
2007-12-03T15:06:21Z,2,EntityProviderRequestEntity.java
2007-12-03T15:06:21Z,2,EntityProvider.java
2007-12-03T15:06:21Z,2,EntityProviderResponseContext.java
2007-12-03T15:19:31Z,2,MediaResponseContext.java
2007-12-03T16:14:50Z,2,RequestContext.java
2007-12-03T16:14:50Z,2,Target.java
2007-12-03T16:14:50Z,2,AbstractTarget.java
2007-12-03T16:14:50Z,2,HttpServletRequestContext.java
2007-12-03T16:14:50Z,2,ContentProviderTest.java
2007-12-03T16:14:50Z,2,UtilityTest.java
2007-12-03T16:36:21Z,2,TargetType.java
2007-12-03T16:49:05Z,2,EntityProvider.java
2007-12-03T16:49:05Z,2,AbstractEntityProvider.java
2007-12-03T16:57:37Z,2,EntityProviderExample.java
2007-12-04T15:23:42Z,2,Document.java
2007-12-04T15:23:42Z,2,Element.java
2007-12-04T15:23:42Z,2,ElementWrapper.java
2007-12-04T15:23:42Z,2,Entry.java
2007-12-04T15:23:42Z,2,ExtensibleElement.java
2007-12-04T15:23:42Z,2,ExtensibleElementWrapper.java
2007-12-04T15:23:42Z,2,Feed.java
2007-12-06T16:26:39Z,2,SharingHelper.java
2007-12-06T16:26:39Z,2,SharingTest.java
2007-12-07T21:06:03Z,2,AbderaClient.java
2007-12-11T07:55:29Z,2,RequestOptions.java
2007-12-11T07:55:29Z,2,MethodHelper.java
2007-12-11T21:59:22Z,2,AbderaClient.java
2007-12-11T21:59:22Z,2,AbstractClientResponse.java
2007-12-11T21:59:22Z,2,ClientResponse.java
2007-12-11T21:59:22Z,2,CommonsResponse.java
2007-12-11T21:59:22Z,2,RequestOptions.java
2007-12-11T21:59:22Z,2,AbstractCache.java
2007-12-11T21:59:22Z,2,LRUCache.java
2007-12-11T21:59:22Z,2,LRUCacheFactory.java
2007-12-11T21:59:22Z,2,ClientAuthSSLProtocolSocketFactory.java
2007-12-11T21:59:22Z,2,MethodHelper.java
2007-12-11T21:59:22Z,2,NonOpTrustManager.java
2007-12-11T21:59:22Z,2,SimpleSSLProtocolSocketFactory.java
2007-12-11T21:59:22Z,2,EntityTag.java
2007-12-11T21:59:22Z,2,CharUtils.java
2007-12-11T21:59:22Z,2,FOMDiv.java
2007-12-11T21:59:22Z,2,FOMElement.java
2007-12-11T21:59:22Z,2,AbstractMessage.java
2007-12-11T21:59:22Z,2,CacheControlUtil.java
2007-12-11T21:59:22Z,2,DHContext.java
2007-12-11T21:59:22Z,2,AbstractProvider.java
2007-12-11T21:59:22Z,2,AbstractResponseContext.java
2007-12-11T21:59:22Z,2,DefaultRequestHandler.java
2007-12-11T21:59:22Z,2,HttpServletRequestContext.java
2007-12-11T22:00:04Z,2,Cache.java
2007-12-11T22:00:04Z,2,CacheFactory.java
2007-12-11T22:00:04Z,2,CachedResponse.java
2007-12-11T22:00:04Z,2,CachedResponseBase.java
2007-12-11T22:00:04Z,2,InMemoryCache.java
2007-12-11T22:00:04Z,2,InMemoryCachedResponse.java
2007-12-11T22:00:04Z,2,LRUMap.java
2007-12-12T13:00:02Z,7,JettyUtil.java
2007-12-12T13:00:02Z,7,AppTest.java
2007-12-12T13:00:02Z,7,JcrCollectionProviderTest.java
2007-12-12T13:00:02Z,7,WorkspaceInfo.java
2007-12-12T13:00:02Z,7,AbstractCollectionProvider.java
2007-12-12T13:00:02Z,7,AbstractServiceProvider.java
2007-12-12T13:00:02Z,7,DefaultTarget.java
2007-12-12T13:00:02Z,7,RegexTargetResolver.java
2007-12-12T13:00:02Z,7,ServiceProvider.java
2007-12-12T13:00:02Z,7,SimpleWorkspaceInfo.java
2007-12-12T13:00:02Z,7,CollectionProviderTest.java
2007-12-12T13:00:02Z,7,CustomerCollectionProvider.java
2007-12-12T13:05:02Z,7,AbstractServiceProvider.java
2007-12-12T20:22:43Z,7,AbstractServiceProvider.java
2007-12-18T08:03:46Z,2,AbderaClient.java
2007-12-18T08:08:44Z,2,AbderaClient.java
2007-12-21T19:05:33Z,2,Region.java
2007-12-21T19:05:33Z,2,Script.java
2007-12-21T19:05:33Z,2,Singleton.java
2007-12-21T19:05:33Z,2,Variant.java
2007-12-21T19:05:33Z,2,Lang.java
2007-12-21T19:05:33Z,2,Lang.java
2007-12-21T19:05:33Z,2,Range.java
2007-12-21T19:05:33Z,2,Subtag.java
2007-12-21T19:05:33Z,2,SubtagSet.java
2007-12-21T19:05:33Z,2,Extlang.java
2007-12-21T19:05:33Z,2,Language.java
