created_date,author,file
2012-02-15T04:34:11Z,8888,8969
2012-02-15T04:36:39Z,404,8969
2012-02-15T04:36:35Z,8930,8969
2012-02-15T05:21:18Z,4488,8930
2012-02-15T08:14:38Z,4571,8969
2012-02-15T12:17:15Z,4488,4532
2012-02-16T13:11:04Z,8962,4571
2012-02-20T01:11:37Z,8982,8978
2012-02-20T01:40:36Z,8993,8975
2012-02-20T02:33:34Z,8981,8978
2012-02-20T08:49:35Z,8981,8976
2012-02-20T09:56:55Z,4532,8939
2012-02-20T12:06:15Z,8939,4532
2012-02-28T06:07:46Z,8985,8978
2012-03-02T13:45:57Z,8994,8975
2012-03-05T06:37:57Z,9017,8886
2012-03-09T06:31:18Z,4532,8969
2012-03-09T16:08:35Z,8939,8930
2012-03-09T16:18:04Z,8969,8930
2012-03-10T03:47:33Z,8888,8969
2012-03-14T09:59:37Z,8939,4532
2012-03-14T15:44:50Z,8930,8939
2012-03-14T15:50:23Z,8930,8888
2012-03-15T06:18:07Z,4570,8930
