created_date,author,file
2011-08-05T09:24:00Z,12124,frames.py
2011-08-05T09:24:00Z,12124,htinline.py
2011-08-05T09:24:00Z,12124,left.py
2011-08-05T09:24:00Z,12124,top.py
2011-08-05T09:24:00Z,12124,transform.py
2011-08-05T09:24:00Z,12124,transition.py
2011-08-05T09:24:04Z,12124,ceil_.py
2011-08-05T09:24:04Z,12124,floor_.py
2011-08-05T09:24:04Z,12124,mod.py
2011-08-05T09:24:04Z,12124,randoms.py
2011-08-05T09:24:04Z,12124,single.py
2011-08-05T09:24:04Z,12124,triple.py
2011-08-05T09:24:14Z,12124,add.py
2011-08-05T09:24:14Z,12124,and_.py
2011-08-05T09:24:14Z,12124,append.py
2011-08-05T09:24:14Z,12124,call.py
2011-08-05T09:24:14Z,12124,contains.py
2011-08-05T09:24:14Z,12124,cos_.py
2011-08-05T09:24:14Z,12124,divide.py
2011-08-05T09:24:14Z,12124,eval_.py
2011-08-05T09:24:14Z,12124,exec_.py
2011-08-05T09:24:14Z,12124,first.py
2011-08-05T09:24:14Z,12124,format_.py
2011-08-05T09:24:14Z,12124,get.py
2011-08-05T09:24:14Z,12124,gmap.py
2011-08-05T09:24:14Z,12124,htbutton.py
2011-08-05T09:24:14Z,12124,htcheck.py
2011-08-05T09:24:14Z,12124,htimg.py
2011-08-05T09:24:14Z,12124,htlink.py
2011-08-05T09:24:14Z,12124,htstyle.py
2011-08-05T09:24:14Z,12124,if_.py
2011-08-05T09:24:14Z,12124,itemnb.py
2011-08-05T09:24:14Z,12124,join.py
2011-08-05T09:24:14Z,12124,last.py
2011-08-05T09:24:14Z,12124,lowercase.py
2011-08-05T09:24:14Z,12124,max_.py
2011-08-05T09:24:14Z,12124,min_.py
2011-08-05T09:24:14Z,12124,multiply.py
2011-08-05T09:24:14Z,12124,or_.py
2011-08-05T09:24:14Z,12124,parse.py
2011-08-05T09:24:14Z,12124,pixels.py
2011-08-05T09:24:14Z,12124,random_.py
2011-08-05T09:24:14Z,12124,range_.py
2011-08-05T09:24:14Z,12124,replace.py
2011-08-05T09:24:14Z,12124,rest.py
2011-08-05T09:24:14Z,12124,reverse.py
2011-08-05T09:24:14Z,12124,round_.py
2011-08-05T09:24:14Z,12124,select.py
2011-08-05T09:24:14Z,12124,shuffle_.py
2011-08-05T09:24:14Z,12124,sin_.py
2011-08-05T09:24:14Z,12124,split.py
2011-08-05T09:24:14Z,12124,subtract.py
2011-08-05T09:24:14Z,12124,sum_.py
2011-08-05T09:24:14Z,12124,uppercase.py
2011-08-05T09:24:14Z,12124,url.py
2011-08-05T09:24:14Z,12124,test.py
