created_date,author,file
2006-06-19T18:06:41Z,6467,index.php@cid=1075&lang=javascript&source_code=..%%2Fdemo%%2FxapDemos%%2Fexamples%%2Fclientside-handler%%2FMyHandler.js.html
2006-06-19T18:06:41Z,6467,index.php@cid=1075&lang=javascript&source_code=..%%2Fdemo%%2FxapDemos%%2Fexamples%%2Fserverside-handler%%2FMyHandler.js.html
2006-06-19T18:06:41Z,6467,index.php@cid=1075&lang=javascript&source_code=..%%2Fdemo%%2FxapDemos%%2Fdemos%%2Fgoogle%%2FEventMco.js.html
2006-06-19T18:06:41Z,6467,index.html
2006-06-19T18:06:41Z,6467,index.php@cid=1054.html
2006-06-19T18:06:41Z,6467,index.php@cid=1057.html
2006-06-19T18:06:41Z,6467,index.php@cid=1058.html
2006-06-19T18:06:41Z,6467,index.php@cid=1060.html
2006-06-19T18:06:41Z,6467,index.php@cid=1064.html
2006-06-19T18:06:41Z,6467,index.php@cid=1065&lang=html4strict&source_code=..%%2Fdemo%%2FxapDemos%%2Fexamples%%2FhelloWorld%%2Findex.html
2006-06-19T18:06:41Z,6467,index.php@cid=1065&lang=xml&source_code=..%%2Fdemo%%2FxapDemos%%2Fexamples%%2FhelloWorld%%2Findex.xal.html
2006-06-19T18:06:41Z,6467,index.php@cid=1065.html
2006-06-19T18:06:41Z,6467,index.php@cid=1069.html
2006-06-19T18:06:41Z,6467,index.php@cid=1075&lang=html4strict&source_code=..%%2Fdemo%%2FxapDemos%%2Fexamples%%2FhelloWorld%%2Findex.html
2006-06-19T18:06:41Z,6467,index.php@cid=1075&lang=xml&source_code=..%%2Fdemo%%2FxapDemos%%2Fexamples%%2Fclientside-handler%%2Findex.xal.html
2006-06-19T18:06:41Z,6467,index.php@cid=1075&lang=xml&source_code=..%%2Fdemo%%2FxapDemos%%2Fexamples%%2FhelloWorld%%2Findex.xal.html
2006-06-19T18:06:41Z,6467,index.php@cid=1075&lang=xml&source_code=..%%2Fdemo%%2FxapDemos%%2Fexamples%%2Finline-javascript%%2Findex.xal.html
2006-06-19T18:06:41Z,6467,index.php@cid=1075&lang=xml&source_code=..%%2Fdemo%%2FxapDemos%%2Fexamples%%2Fserverside-handler%%2Fhello-world.xal.html
2006-06-19T18:06:41Z,6467,index.php@cid=1075&lang=xml&source_code=..%%2Fdemo%%2FxapDemos%%2Fexamples%%2Fserverside-handler%%2Findex.xal.html
2006-06-19T18:06:41Z,6467,index.php@cid=1075&lang=xml&source_code=..%%2Fdemo%%2FxapDemos%%2Fexamples%%2Fsplit-pane%%2Findex.xal.html
2006-06-19T18:06:41Z,6467,index.php@cid=1075&lang=xml&source_code=..%%2Fdemo%%2FxapDemos%%2Fdemos%%2Fgoogle%%2Findex.xal.html
2006-06-19T18:06:41Z,6467,index.php@cid=1075&lang=xml&source_code=..%%2Fdemo%%2FxapDemos%%2Fexamples%%2Ftab-pane%%2Findex.xal.html
2006-06-19T18:06:41Z,6467,index.php@cid=1075.html
2006-06-19T18:06:41Z,6467,index.php@cid=1078.html
2006-06-19T18:06:41Z,6467,index.php@cid=1093.html
2006-06-19T18:06:41Z,6467,main.css
