created_date,author,file
2008-11-17T21:38:32Z,9038,8516
2008-10-29T22:14:37Z,9038,9045
2008-10-30T06:40:02Z,9041,9038
2008-10-30T07:21:36Z,9046,9038
2008-10-30T07:26:34Z,8503,9038
2008-10-30T09:51:31Z,8516,9046
2008-11-03T08:30:26Z,9038,8503
2008-11-03T14:55:00Z,8516,9038
2008-11-04T04:18:57Z,9048,9038
2008-11-04T16:41:04Z,8516,9038
2008-11-05T08:27:12Z,9038,9041
2008-11-05T13:39:58Z,9038,8516
2008-11-06T02:16:33Z,8516,9038
2008-11-09T01:12:20Z,9038,9048
2008-11-09T16:08:22Z,8516,9038
2008-11-10T13:58:08Z,8516,9038
2008-11-12T21:58:41Z,9038,8516
2008-11-13T07:51:34Z,9043,9038
2008-11-15T10:49:45Z,9046,9038
2008-11-15T11:01:39Z,9038,9046
2008-11-15T11:05:48Z,9043,9038
2008-11-16T02:59:08Z,9038,9049
2008-11-16T04:38:17Z,9043,9049
2008-11-16T05:15:59Z,9038,9043
2008-11-16T06:49:50Z,9043,9038
2008-11-17T18:33:01Z,9046,9041
2008-11-17T19:57:46Z,8516,9046
