created_date,author,file
2011-05-31T20:16:06Z,24079,370
2011-05-19T13:15:47Z,24080,4399
2011-05-20T11:21:01Z,8425,4399
2011-05-20T11:58:47Z,4399,370
2011-05-20T12:23:05Z,370,4399
2011-05-20T12:37:04Z,8425,370
2011-05-20T12:51:51Z,370,8425
2011-05-20T12:57:41Z,8425,370
2011-05-20T20:39:51Z,4399,370
2011-06-02T19:04:13Z,24079,4399
2011-06-02T20:06:59Z,24097,370
2011-05-20T14:26:18Z,8425,370
2011-05-20T14:36:37Z,370,8425
2011-05-20T14:44:12Z,4399,370
2011-05-20T15:03:16Z,4399,370
2011-05-20T15:58:55Z,4399,370
2011-05-20T16:13:08Z,8425,4399
2011-05-20T18:15:17Z,370,4399
2011-06-02T20:40:29Z,4399,24079
2011-05-20T18:19:03Z,370,8425
2011-05-20T18:30:52Z,370,4399
2011-05-20T18:33:17Z,370,4399
2011-05-20T18:43:43Z,8425,370
2011-05-20T19:14:19Z,370,8425
2011-05-20T21:26:37Z,8425,370
2011-05-20T21:26:28Z,4399,370
2011-05-20T21:30:49Z,4399,370
2011-05-20T22:01:12Z,8425,370
2011-05-20T23:10:41Z,4399,370
2011-05-21T07:40:15Z,24093,4399
2011-05-21T07:45:31Z,24079,4399
2011-05-22T19:59:35Z,4399,24080
2011-05-23T12:41:03Z,4399,24079
2011-06-13T09:38:18Z,24093,4399
2011-05-23T19:04:43Z,24079,4399
2011-05-23T21:06:19Z,24080,370
2011-05-23T21:53:48Z,24080,4399
2011-05-24T09:32:21Z,24093,24080
2011-05-24T17:57:24Z,4399,370
2011-05-26T08:35:40Z,13731,370
2011-05-26T10:12:15Z,4399,13731
2011-05-27T10:59:04Z,24079,4399
2011-05-27T10:58:14Z,4399,24079
2011-05-27T11:23:14Z,13731,370
2011-05-28T00:45:47Z,370,13731
2011-05-29T13:39:54Z,370,189
2011-05-30T08:59:04Z,4399,189
2011-05-30T09:49:06Z,8425,4399
2011-05-30T16:12:06Z,4399,8425
2011-05-30T17:15:23Z,4399,189
2011-05-30T18:16:49Z,24079,4399
2011-05-30T19:27:32Z,4399,189
2011-05-30T21:41:10Z,370,4399
2011-05-31T06:29:37Z,4399,370
2011-05-31T07:39:08Z,370,4399
2011-05-31T16:21:18Z,4399,370
2011-05-31T20:23:12Z,370,24079
2011-05-31T21:06:25Z,370,4399
2011-06-01T20:16:13Z,4399,370
2011-06-02T08:16:22Z,24079,4399
2011-06-02T09:31:34Z,24096,24079
2011-06-02T09:40:56Z,24093,24096
2011-06-02T11:19:52Z,370,4399
2011-06-04T09:21:32Z,370,24097
2011-06-09T19:31:16Z,24099,4399
2011-06-10T08:15:12Z,4399,24099
2011-06-11T17:49:37Z,24079,4399
2011-06-12T20:16:15Z,370,4399
