created_date,author,file
2008-03-13T19:23:24Z,11379,9623
2008-03-14T11:44:56Z,30,11369
2008-03-14T18:06:58Z,11369,30
2008-03-14T19:48:11Z,35,11369
2008-03-15T06:50:35Z,11369,35
2008-03-16T14:03:04Z,11366,11369
2008-03-16T14:10:18Z,10316,11369
2008-03-18T10:41:47Z,11366,7520
2008-03-18T11:03:37Z,7520,11366
2008-03-21T14:35:19Z,11370,11375
2008-03-24T15:39:24Z,11378,9623
2008-03-24T15:45:27Z,11378,9623
2008-03-24T15:49:25Z,11378,9623
2008-03-24T15:49:25Z,11378,9623
2008-03-24T15:51:24Z,11378,9623
2008-03-24T15:51:24Z,11378,9623
2008-03-24T15:53:24Z,11378,9623
2008-03-28T17:14:24Z,11378,9623
2008-03-28T17:16:24Z,11378,9623
2008-03-29T10:34:35Z,11369,10316
2008-03-29T12:06:45Z,11375,11369
2008-03-30T03:08:25Z,11366,11369
2008-03-30T08:00:18Z,11369,11366
2008-03-30T11:08:11Z,7520,11369
2008-03-30T13:02:14Z,11366,11369
2008-03-30T18:14:16Z,11369,11366
2008-03-31T07:13:15Z,7520,11370
2008-04-02T03:33:11Z,11369,11381
2008-04-02T04:23:54Z,11382,11369
2008-04-02T10:02:17Z,10316,11381
2008-04-03T08:08:15Z,11370,10316
2008-04-03T13:35:00Z,11383,11363
2008-04-03T14:24:11Z,10316,11369
2008-04-03T14:47:19Z,10316,11370
2008-04-04T02:55:17Z,10316,11382
2008-04-04T03:41:48Z,11382,10316
2008-04-04T03:49:19Z,10316,11382
2008-04-04T04:01:59Z,11382,10316
2008-04-04T11:41:33Z,11370,10316
2008-04-04T15:59:44Z,11366,10316
2008-04-10T00:14:12Z,11378,11387
2008-04-10T04:36:12Z,11378,11387
2008-04-11T03:37:30Z,10316,4016
2008-04-11T04:11:11Z,4016,10316
2008-04-11T04:24:50Z,10316,4016
2008-04-11T04:26:47Z,10316,11382
2008-04-11T04:42:18Z,10316,4016
2008-04-11T12:26:25Z,11389,11387
